 # File output as a check. (See the source code for details.)
   40593.481469621249        142443068000.00000     
   40593.534565941591        142443068000.00000     
   40593.590332613006        142443068000.00000     
   40593.676642761959        142443068000.00000     
   40593.830856005385        142443068000.00000     
   40594.061091509953        142443068000.00000     
   40594.315598223795        142443068000.00000     
   40594.698183214394        142443068000.00000     
   40595.463453693992        142443068000.00000     
   40596.993850318693        142443068000.00000     
   40600.564231457422        142443068000.00000     
   40605.665160590208        142443068000.00000     
   40613.316510635828        142443068000.00000     
   40628.619445447104        142443068000.00000     
   40664.327105044402        142443068000.00000     
   40715.341044937697        142443068000.00000     
   40791.866443035949        142443068000.00000     
   40944.935202394161        142443068000.00000     
   41210.062850502887        142443068000.00000     
   41536.299944537401        142443068000.00000     
   42025.836322977841        142443068000.00000     
   42934.947357778547        142443068000.00000     
   44101.470581673304        142443068000.00000     
   45911.474998531485        142443068000.00000     
   48430.766526164334        142443068000.00000     
   51081.852844758287        142443068000.00000     
   53871.574180485353        142443068000.00000     
   56807.128716484673        142443068000.00000     
   59896.092429524964        142443068000.00000     
   63146.440486492953        142443068000.00000     
   66566.570400518074        142443068000.00000     
   70165.326651443640        142443068000.00000     
   73952.022175058693        142443068000.00000     
   77936.455372136566        142443068000.00000     
   82128.932551877559        142443068000.00000     
   86540.295192386533        142443068000.00000     
   91181.953469338609        142443068000.00000     
   96065.923058424843        142443068000.00000     
   101204.86115195745        142443068000.00000     
   106612.10024118601        142443068000.00000     
   112301.68082298677        142443068000.00000     
   118288.38565539164        142443068000.00000     
   124587.77637293540        142443068000.00000     
   131216.23223105803        142443068000.00000     
   138190.99134589283        142443068000.00000     
   145530.19488298154        142443068000.00000     
   153252.93425578106        142443068000.00000     
   161379.30097882051        142443068000.00000     
   169930.43927573151        142443068000.00000     
   178928.60158698697        142443068000.00000     
   188397.20694257284        142443068000.00000     
   198360.90214451822        142443068000.00000     
   208845.62600682597        142443068000.00000     
   219878.67676778775        142443068000.00000     
   231488.78286160852        142443068000.00000     
   243706.17716127241        142443068000.00000     
   256562.67506138832        142443068000.00000     
   270091.75682607398        142443068000.00000     
   284328.65450092108        142443068000.00000     
   299310.44355566968        142443068000.00000     
   315076.13941807894        142443068000.00000     
   331666.79927671712        142443068000.00000     
   349125.62960024795        142443068000.00000     
   367498.09975174133        142443068000.00000     
   386832.06197637948        142509161537.19498     
   407177.87782312924        142594039981.35056     
   428588.55097967281        142701782080.80515     
   451119.86690427357        142793076289.84436     
   474830.53959081887        142925450352.31882     
   499782.36530589039        143022278772.35577     
   526040.38340887101        143121088711.66138     
   553673.04524057847        143234666218.52188     
   582752.39207201928        143349531732.00629     
   613354.24315355159        143465846370.06564     
   645558.39406541130        143577510069.98096     
   679448.82620909356        143670174520.98318     
   715113.92792604910        143827987549.54703     
   752646.72757551214        143950560253.64618     
   792145.13876356231        144064234758.06732     
   833712.21835769073        144166362371.33130     
   877456.43781517132        144296831951.42877     
   923491.96797890426        144429780804.26526     
   971938.97831591114        144579163364.53958     
   1022923.9521398043        144728185137.79971     
   1076580.0179395510        144842109179.41113     
   1133047.2972348558        144959250700.40460     
   1192473.2714910067        145087797629.50314     
   1255013.1699766424        145284576272.26190     
   1320830.3777420444        145438067893.37091     
   1390096.8636918601        145595147299.19458     
   1462993.6316362410        145703084568.18649     
   1539711.1965981943        145909734119.99109     
   1620450.0864796129        146083389386.47968     
   1705421.3707626411        146252933356.63492     
   1794847.2174572351        146377957431.65375     
   1888961.4744891517        146554064873.09094     
   1988010.2787380242        146737043712.15265     
   2092252.7017521749        146923150596.85019     
   2201961.4330282174        147112554707.46179     
   2317423.4976548837        147301021565.43628     
   2438941.0101489369        147496857640.65161     
   2566831.9668145045        147695921738.53571     
   2701431.0764706107        147878381207.88446     
   2843090.6318181441        148016810111.40665     
   2992181.4221986020        148297879720.08545     
   3149093.6902510077        148523941878.18051     
   3314238.1376087116        148737333602.04288     
   3488046.9814695786        148915302517.95270     
   3670975.0642744717        149143092417.65744     
   3863501.0230685920        149408429508.71222     
   4066128.5266767391        149641167747.50189     
   4279387.5824491875        149830865003.16241     
   4503835.9143831562        150040901937.31360     
   4740060.4103788724        150286149371.54181     
   4988678.6485460075        150556119287.16409     
   5250340.5241427850        150860125437.69257     
   5525729.9739763997        151044479842.72610     
   5815566.7687167283        151309667276.66095     
   6120608.3842807952        151572835581.86002     
   6441651.9831479611        151847111669.25818     
   6779536.4980050614        152119550339.27380     
   7135144.8082089145        152402647062.61078     
   7509406.0423699850        152685397775.22421     
   7903298.0160826119        152977172513.89261     
   8317849.7904852489        153271501563.08511     
   8754144.3703122344        153520557349.88852     
   9213321.5556614548        153772251846.65289     
   9696580.9578004051        154188355356.05124     
   10205185.179073917        154506528804.97943     
   10740463.118064296        154827871385.02606     
   11303813.398106867        155154923341.47101     
   11896707.993104320        155476836170.94830     
   12520696.071287749        155702672488.64114     
   13177408.022422714        156163734149.72842     
   13868559.676657526        156526639587.16068     
   14595956.748475062        156884566221.26776     
   15361499.515278585        157148977009.33777     
   16167187.751297489        157488463713.66684     
   17015125.945683032        157919895373.07117     
   17907528.798743580        158380871722.33807     
   18846726.993861768        158669103593.13754     
   19835173.254273191        159037868290.75974     
   20875448.704245064        159442616679.31314     
   21970269.569100194        159893691940.82837     
   23122494.210021008        160408491422.55212     
   24335130.495525271        160729877594.05515     
   25611343.563374277        161136933325.19766     
   26954464.046507902        161579566903.58167     
   28367996.779427413        162098471334.55423     
   29855629.970241841        162630917243.00140     
   31421244.803496882        162959567523.56766     
   33068925.569890972        163436734275.92642     
   34802970.476267621        163921092344.91180     
   36627903.067322247        164557074109.43958     
   38548484.206929654        164987121938.36325     
   40569724.664149746        165430917364.47775     
   42696898.317489401        165953616818.19788     
   44935555.952236637        166486334886.33838     
   47291539.740830235        167029270026.81323     
   49770998.475794397        167582627959.32474     
   52380403.527295426        168146621933.25259     
   55126565.497841515        168721474699.36179     
   58016651.672938362        169307418669.69174     
   61058204.481499098        169904697768.63116     
   64259161.115887888        170513570284.48032     
   67627874.261193275        171133679041.74777     
   71173133.757707775        171765972539.10959     
   74904189.402167052        172410810954.78827     
   78830775.179846779        173068509829.05649     
   82963134.964756966        173739392169.01675     
   87312049.513770878        174423792799.23749     
   91888864.555628359        175122051604.90717     
   96705520.098908171        175834514867.01846     
   101774581.40830058        176561527378.72537     
   107109271.88276570        177303435250.37015     
   112723507.56447285        178060592998.65347     
   118631933.01695928        178833369958.26135     
   124849959.04986407        179622154798.32663     
   131393802.93844710        180427355272.63464     
   138280530.75016129        181249399794.76474     
   145528101.57305101        182088735837.74832     
   153155413.98644230        182945395075.03046     
   161182355.31189165        183819946708.34195     
   169629853.76948482        184713160915.80936     
   178519933.57204226        185625556772.63358     
   187875773.30126250        186557671269.84540     
   197721767.42034584        187510060325.92856     
   208083590.74468994        188483306761.58084     
   218988266.32501641        189478011099.10110     
   230464236.78562510        190494790279.39313     
   242541438.88846377        191534277984.34332     
   255251381.66849726        192597124811.78998     
   268627228.58922362        193684003662.21539     
   282703883.72065955        194795609794.16693     
   297518082.39456689        195932664283.72552     
   313108486.89105338        197095914739.38705     
   329515786.92575085        198286138515.10132     
   346782805.01003087        199504147253.89899     
   364954607.45330334        200750788542.30069     
   384078622.50720131        202026948570.70541     
   404204766.84689033        203333559005.27460     
   425385579.19032294        204669742824.97687     
   447676358.73195767        206037898931.50528     
   471135309.10048956        207439451387.45432     
   495823690.91023052        208875504935.04941     
   521805982.16848654        210347205623.04010     
   549150044.56561780        211855742003.46658     
   577927297.19813490        213402350410.29309     
   608212900.57234204        214988312967.53787     
   640085950.99550807        216614955518.55890     
   673629685.69610906        218283648528.00488     
   708931701.34500802        219995806692.73062     
   746084187.14490962        221752900704.68997     
   785184170.66044140        223556462692.84601     
   826333775.88319016        225405345238.52481     
   869640497.18272400        227303260021.22147     
   915217489.94095051        229252558693.30298     
   963183874.58704710        231255098954.72067     
   1013665053.0070930        233312828451.32062     
   1066793041.1887856        235427794679.07697     
   1122706822.1655207        237602145310.62332     
   1181552717.8704138        239838134636.79034     
   1243484778.5711887        242138129285.91391     
   1308665188.1473253        244504614715.80630     
   1377264687.2687113        246940197064.41290     
   1449463021.7103565        249444173734.10889     
   1525449418.9851961        252021617346.41397     
   1605423092.1977286        254676540443.85876     
   1689593767.3543074        257412078801.84711     
   1778182231.8907745        260231526222.78125     
   1871420911.1169975        263138347152.58142     
   1969554480.4756207        266136187638.99026     
   2072840516.7196181        269228888331.10922     
   2181550189.1292753        272420495549.95740     
   2295968988.7131996        275715276629.38348     
   2416397496.2797670        279112903079.87665     
   2543152198.6776981        282621954203.24658     
   2676566362.4550920        286248266599.89893     
   2816990964.0182900        289997145466.65771     
   2964795668.4498730        293874195422.64038     
   3120369851.2614927        297885340866.80072     
   3284123668.6869874        302036852817.01086     
   3456489180.7556744        306335381039.22021     
   3637921510.6588459        310787983185.26764     
   3828900032.4067402        315396970310.31232     
   4029929579.9258623        320173873101.27454     
   4241541708.2850428        325128634704.13892     
   4464296080.8959084        330270241839.75012     
   4698782010.6785231        335608238075.51697     
   4945620129.9857140        341152762629.38281     
   5205464135.3179607        346914596161.38568     
   5479002572.7244959        352905199708.84326     
   5766960686.5717630        359134047157.93237     
   6070102397.2033272        365612325269.78345     
   6389232468.1997309        372358363863.18506     
   6725198888.0470715        379386948382.21460     
   7078895457.3718195        386713873423.45844     
   7451264515.5678339        394356039884.97601     
   7843299652.7730169        402331551026.59546     
   8256048334.0711613        410659812420.73175     
   8690614450.6237869        419358057281.88544     
   9148160956.2996426        428449610373.62793     
   9629912739.4927101        437961632528.60455     
   10137159765.808504        447920046617.57855     
   10671260467.973326        458352720306.22583     
   11233645374.930254        469289610181.65308     
   11825820971.878098        480762923595.25903     
   12449373784.122490        492806593871.38995     
   13105974731.614107        505457051279.80469     
   13797383831.201696        518757696991.63831     
   14525455338.710989        532752184543.50775     
   15292143235.613741        547487714387.64392     
   16099506959.607187        563015412959.04138     
   16949717307.181704        579390733901.75671     
   17845062577.751690        596676052026.86145     
   18787954977.219746        614941507165.86292     
   19780937322.867786        634255938669.58569     
   20826690061.913891        654697575778.39111     
   21928038548.374363        676351602542.51013     
   23087960493.844711        699310820666.40417     
   24309593567.211483        723676372224.34485     
   25596243383.439636        749584147140.19836     
   26951392054.719341        777142832802.60840     
   28378707252.744396        806481659632.10486     
   29882051677.022282        837746991091.10645     
   31465493043.446510        871099583344.80359     
   33133314783.084789        906716258502.69946     
   34890027503.625710        944844873751.91052     
   36740381313.264664        985690503994.78711     
   38689379260.865753        1029471414609.8408     
   40742291732.090004        1076453958449.9172     
   42904671585.155113        1126933094696.9988     
   45182370008.766617        1181235766826.1650     
   47581553157.714706        1239874104182.9536     
   50108719503.371544        1303181260764.0078     
   52770717555.279182        1371582153041.4580     
   55574763257.527557        1445586856454.9531     
   58528457672.196991        1525765250138.9690     
   61639805234.860237        1612825407140.6389     
   64917232171.747543        1707776012660.2129     
   68369604933.542175        1811163772793.6665     
   72006249142.196396        1923910674491.7620     
   75836969901.163040        2047055461527.9961     
   79872075716.936935        2181770358132.1826     
   84122407675.400986        2330073642400.5859     
   88599375400.872253        2493160887414.6724     
   93315000173.271591        2672620943810.0161     
   98281959033.989014        2870446178732.8364     
   103513624221.86374        3088909315065.8218     
   109024093163.83658        3331682068876.0190     
   114828204664.15906        3601821796905.0928     
   120941536779.51682        3902173826402.0381     
   127380387481.20822        4236777282289.8223     
   134161737888.74400        4610278832524.3047     
   141303197721.07080        5030179960569.1533     
   148822950794.06116        5503215072344.9990     
   156739722798.79535        6035163359210.9971     
   165072784436.65018        6634575045491.9189     
   171626493350.17410        7138014253124.3174     
   176124194569.65689        7498504111825.5986     
   180737159862.09573        7882905408730.7598     
   185468522034.37164        8295964222648.4980     
   190320580437.19025        8728784638683.4707     
   195296603350.43884        9201768142946.4453     
   200399055749.88113        9700153126409.1992     
   205631369094.84604        10232914621606.777     
   210996219339.09296        10808208160257.471     
   216497235195.83295        11412121550455.949     
   222137352649.66150        12075196970953.109     
   227920433444.62170        12776122417336.992     
   233849711370.18304        13527529138386.752     
   239929316140.29056        14343270491546.695     
   246162797337.04080        15201268159691.238     
   252554587211.01596        16148707745033.867     
   259108550053.05554        17153473772660.000     
   265829453177.90872        18234543822332.422     
   272721456269.71643        19414740403196.703     
   279789694508.23785        20659202190237.387     
   287038592110.33008        22041911632445.957     
   294473687041.20245        23513903518985.246     
   302099643437.28259        25103653524418.129     
   309922438795.18744        26850424447846.492     
   317946967019.76019        28697655760068.590     
   326179686411.14301        30762793952142.848     
   334625720205.69586        32971877950128.773     
   343292058583.30646        35365625649135.188     
   352184063358.34814        38016461720604.984     
   361309317005.78931        40830224785921.719     
   370673439805.54785        43990961037596.555     
   380284677837.79828        47396414666633.617     
   390148937299.85223        51091876606750.125     
   400275204153.05280        55228172150148.117     
   410669701360.58380        59637957532506.594     
   421342241468.40973        64604257802021.742     
   432299404739.76758        70011425490971.898     
   443551933059.91071        75871954160335.875     
   455106812173.75708        82526906776430.406     
   466975829316.72815        89664258790698.266     
   479166427773.51379        97687409434328.766     
   491691570399.33704        106564870914989.31     
   504559210327.72217        116127406464245.84     
   517783634320.73895        127212293874129.64     
   531373340546.72876        139187192975973.25     
   545344124876.23425        152546432354264.47     
   559705065279.77429        167674105416218.50     
   574473695414.59424        184035136037455.50     
   589659720313.05725        202955640131241.38     
   605282682792.54004        223890569017835.44     
   620890026559.24243        246194095879377.53     
   636463365957.06982        271400407043632.44     
   651977259758.48425        297585445670421.94     
   667410832714.56470        326888461485100.56     
   682779555789.53320        357808162338411.56     
   698063423996.32043        391425812994992.69     
   713277941225.22009        427559125385988.56     
   728403896437.07996        466234303807466.00     
   743456801093.69434        507976014839621.62     
   758418166514.48499        552599623953852.75     
   773303490341.54883        600175175842403.38     
   788094946619.67493        651818932007991.75     
   802808003485.78186        705155439928975.50     
   817425445874.19788        765112693893743.38     
   831962697529.38586        824741024642669.88     
   846403102255.28247        893483310364908.38     
   860762020156.16211        962925932089077.12     
   875023306365.62524        1037495088507866.5     
   896115259891.01599        1158206203251619.8     
   924111523566.73010        1338526490234255.2     
   951745711766.20825        1537000332915763.5     
   979018525887.77600        1758042352395077.5     
   1005931734593.6078        2012136173368131.0     
   1032488069377.9575        2284808596319932.5     
   1058691122751.4092        2590187415899057.5     
   1084545251221.9130        2931617687655434.0     
   1110055490906.4951        3290220168930028.5     
   1135227488900.5461        3710952622426987.5     
   1160067440943.9685        4136548919885665.0     
   1184582031610.3699        4643939379785752.0     
   1208778378989.9497        5148967335014270.0     
   1232663986575.2908        5752509940912038.0     
   1256246696192.4858        6348398907338304.0     
   1279534639505.2576        7057746900116013.0     
   1302536192822.1863        7770234937316659.0     
   1325259936457.1909        8576976624026986.0     
   1358136671841.3867        9830626702264268.0     
   1391892810352.7825        11355233845811114.     
   1423667436441.0452        12867669023904762.     
   1466209786893.4065        15357650312228706.     
   1507911116095.3660        18179897551183552.     
   1548844015554.7952        21274643137692536.     
   1589079949297.3335        24952919637432928.     
   1628688698649.1233        29085802848610596.     
   1667737859610.6887        33577102849721332.     
   1722899253037.9255        41420210119569224.     
   1798772343424.6187        54647857724879088.     
   1873471200881.8464        71428136683153328.     
   1944383072715.1340        91767855275575616.     
   2016384704847.0842        1.1776637179123739E+017
   2090826761790.0513        1.5158248514927046E+017
   2162210745433.1775        1.9202637048194157E+017
   2265790614332.4746        2.6905327607203494E+017
   2410938928711.8091        4.2226548157287917E+017
   2550213058977.7671        6.5159221712502131E+017
   2679063333913.7705        9.5368622142805542E+017
   2793005009850.2524        1.3260150691271547E+018
   2888962763436.9194        1.7466814664127442E+018
   2966033004060.8853        2.1633891129769894E+018
   3025375930354.3970        2.5451570024412140E+018
   3069498766406.9409        2.8632184116358564E+018
   3101418369183.4331        3.1431905498291758E+018
   3124039716915.6064        3.3416061484736389E+018
   3139833401211.1470        3.4801351769560750E+018
   3150743574450.1777        3.5758301187502930E+018
   3158224433407.4214        3.6414459753274506E+018
   3163327593632.2695        3.6862066413576079E+018
   3166796525074.3428        3.7166332152684380E+018
   3169148904775.9111        3.7372663283902495E+018
   3170741512523.7817        3.7512353554986624E+018
   3171818544377.0815        3.7606821807922632E+018
   3172546361365.9585        3.7670659845011041E+018
   3173111305736.9243        3.7720212054230907E+018
   3173566977880.0845        3.7760179814835261E+018
   3173834909946.7163        3.7783680581467832E+018
   3173956916647.5391        3.7794381991865211E+018
   3174010965475.0029        3.7799122704303852E+018
   3174042863600.4185        3.7801920541870776E+018
