# Tsang & Jones fit to French et al. as a function of pressure.
# The pressure profile is taken for a 1 MJ planet with no irradiation and no Ohmic heating at ~5 Gyr.
#
# INDEX       RADIUS [RP]          PRESSURE        SIGMA1_LOG      SIGMA1_TSANG
      1   0.100000000E+01   0.370490251E+06   0.142443068E+12   0.100597442E+06
      2   0.999999998E+00   0.370495580E+06   0.142443086E+12   0.100597495E+06
      3   0.999999994E+00   0.370505418E+06   0.142443127E+12   0.100597615E+06
      4   0.999999987E+00   0.370519766E+06   0.142443194E+12   0.100597814E+06
      5   0.999999978E+00   0.370544362E+06   0.142443284E+12   0.100598081E+06
      6   0.999999960E+00   0.370581255E+06   0.142443464E+12   0.100598613E+06
      7   0.999999937E+00   0.370622249E+06   0.142443688E+12   0.100599279E+06
      8   0.999999914E+00   0.370683738E+06   0.142443913E+12   0.100599944E+06
      9   0.999999868E+00   0.370806718E+06   0.142444362E+12   0.100601275E+06
     10   0.999999777E+00   0.371052677E+06   0.142445260E+12   0.100603936E+06
     11   0.999999595E+00   0.371626582E+06   0.142447056E+12   0.100609255E+06
     12   0.999999139E+00   0.372446447E+06   0.142451539E+12   0.100622536E+06
     13   0.999998684E+00   0.373676248E+06   0.142456013E+12   0.100635793E+06
     14   0.999997778E+00   0.376135858E+06   0.142464936E+12   0.100662236E+06
     15   0.999995975E+00   0.381874989E+06   0.142482683E+12   0.100714841E+06
     16   0.999991526E+00   0.390073894E+06   0.142526478E+12   0.100844750E+06
     17   0.999987158E+00   0.402372466E+06   0.142569487E+12   0.100972453E+06
     18   0.999978652E+00   0.418771120E+06   0.142653275E+12   0.101221584E+06
     19   0.999970432E+00   0.435170313E+06   0.142734302E+12   0.101462954E+06
     20   0.999962474E+00   0.456469568E+06   0.142812790E+12   0.101697173E+06
     21   0.999950257E+00   0.476119625E+06   0.142933360E+12   0.102057773E+06
     22   0.999944357E+00   0.489219972E+06   0.142991630E+12   0.102232394E+06
     23   0.999938585E+00   0.508870946E+06   0.143048651E+12   0.102403491E+06
     24   0.999927402E+00   0.535073416E+06   0.143159199E+12   0.102735821E+06
     25   0.999916655E+00   0.561277013E+06   0.143265519E+12   0.103056212E+06
     26   0.999906300E+00   0.587481696E+06   0.143368033E+12   0.103365851E+06
     27   0.999896299E+00   0.613687427E+06   0.143467106E+12   0.103665767E+06
     28   0.999886621E+00   0.639894172E+06   0.143563053E+12   0.103956851E+06
     29   0.999877236E+00   0.676369987E+06   0.143656152E+12   0.104239886E+06
     30   0.999861154E+00   0.711430168E+06   0.143815833E+12   0.104726700E+06
     31   0.999853393E+00   0.734804347E+06   0.143892956E+12   0.104962440E+06
     32   0.999845803E+00   0.758179237E+06   0.143968422E+12   0.105193506E+06
     33   0.999838371E+00   0.781554821E+06   0.144042344E+12   0.105420217E+06
     34   0.999831089E+00   0.816619218E+06   0.144114824E+12   0.105642867E+06
     35   0.999816935E+00   0.863374396E+06   0.144255799E+12   0.106076947E+06
     36   0.999803268E+00   0.910132129E+06   0.144392044E+12   0.106497746E+06
     37   0.999790032E+00   0.956892339E+06   0.144524125E+12   0.106906893E+06
     38   0.999777188E+00   0.991964298E+06   0.144652413E+12   0.107305432E+06
     39   0.999770903E+00   0.101534619E+07   0.144715226E+12   0.107500977E+06
     40   0.999764705E+00   0.105158153E+07   0.144777194E+12   0.107694157E+06
     41   0.999751964E+00   0.110067224E+07   0.144904671E+12   0.108092386E+06
     42   0.999739567E+00   0.117431196E+07   0.145028817E+12   0.108481279E+06
     43   0.999715713E+00   0.124795871E+07   0.145267992E+12   0.109233502E+06
     44   0.999704214E+00   0.129705880E+07   0.145383421E+12   0.109597948E+06
     45   0.999692979E+00   0.134616110E+07   0.145496299E+12   0.109955232E+06
     46   0.999681991E+00   0.139526555E+07   0.145606776E+12   0.110305769E+06
     47   0.999671237E+00   0.147136320E+07   0.145714986E+12   0.110649937E+06
     48   0.999649365E+00   0.154868650E+07   0.145935308E+12   0.111353200E+06
     49   0.999638760E+00   0.160023756E+07   0.146042247E+12   0.111695768E+06
     50   0.999628362E+00   0.165179076E+07   0.146147183E+12   0.112032698E+06
     51   0.999618160E+00   0.170334607E+07   0.146250217E+12   0.112364270E+06
     52   0.999608144E+00   0.178068213E+07   0.146351442E+12   0.112690743E+06
     53   0.999588589E+00   0.188636270E+07   0.146549264E+12   0.113330845E+06
     54   0.999568849E+00   0.199460958E+07   0.146749235E+12   0.113980701E+06
     55   0.999549841E+00   0.210286470E+07   0.146942052E+12   0.114609983E+06
     56   0.999531501E+00   0.221112776E+07   0.147128326E+12   0.115220412E+06
     57   0.999513775E+00   0.232208194E+07   0.147308590E+12   0.115813492E+06
     58   0.999495778E+00   0.243572774E+07   0.147491836E+12   0.116418753E+06
     59   0.999478355E+00   0.254938147E+07   0.147669452E+12   0.117007709E+06
     60   0.999461463E+00   0.266304288E+07   0.147841859E+12   0.117581554E+06
     61   0.999445064E+00   0.283917645E+07   0.148009431E+12   0.118141345E+06
     62   0.999412101E+00   0.301814877E+07   0.148346834E+12   0.119274618E+06
     63   0.999396293E+00   0.313747119E+07   0.148508921E+12   0.119821961E+06
     64   0.999380895E+00   0.325975410E+07   0.148666959E+12   0.120357463E+06
     65   0.999365151E+00   0.338499803E+07   0.148828731E+12   0.120907497E+06
     66   0.999349807E+00   0.357287546E+07   0.148986567E+12   0.121445986E+06
     67   0.999320226E+00   0.376387289E+07   0.149291318E+12   0.122490854E+06
     68   0.999305248E+00   0.389534273E+07   0.149445859E+12   0.123023311E+06
     69   0.999290618E+00   0.402682027E+07   0.149596965E+12   0.123545631E+06
     70   0.999276317E+00   0.415830533E+07   0.149744822E+12   0.124058349E+06
     71   0.999262327E+00   0.436204261E+07   0.149889601E+12   0.124561954E+06
     72   0.999233910E+00   0.463805614E+07   0.150184122E+12   0.125591217E+06
     73   0.999206664E+00   0.492091608E+07   0.150467046E+12   0.126586016E+06
     74   0.999179211E+00   0.513819714E+07   0.150752660E+12   0.127596331E+06
     75   0.999165887E+00   0.528305890E+07   0.150891479E+12   0.128089585E+06
     76   0.999152814E+00   0.550751204E+07   0.151027798E+12   0.128575359E+06
     77   0.999126150E+00   0.581158142E+07   0.151306229E+12   0.129571904E+06
     78   0.999100453E+00   0.612317978E+07   0.151575054E+12   0.130539614E+06
     79   0.999074439E+00   0.644230908E+07   0.151847673E+12   0.131526575E+06
     80   0.999049320E+00   0.676933323E+07   0.152111389E+12   0.132486680E+06
     81   0.999023846E+00   0.710425430E+07   0.152379284E+12   0.133467441E+06
     82   0.998999208E+00   0.744745363E+07   0.152638852E+12   0.134422956E+06
     83   0.998974184E+00   0.779893338E+07   0.152902924E+12   0.135400376E+06
     84   0.998949945E+00   0.815909346E+07   0.153159154E+12   0.136353912E+06
     85   0.998925295E+00   0.852793615E+07   0.153420174E+12   0.137330505E+06
     86   0.998901386E+00   0.909938692E+07   0.153673764E+12   0.138284373E+06
     87   0.998853410E+00   0.968952432E+07   0.154183893E+12   0.140218425E+06
     88   0.998829317E+00   0.100956661E+08   0.154440722E+12   0.141199870E+06
     89   0.998805897E+00   0.105118172E+08   0.154690775E+12   0.142160427E+06
     90   0.998782003E+00   0.109379804E+08   0.154946303E+12   0.143147126E+06
     91   0.998758757E+00   0.113746400E+08   0.155195313E+12   0.144113646E+06
     92   0.998735022E+00   0.118217988E+08   0.155449979E+12   0.145107237E+06
     93   0.998711911E+00   0.125145308E+08   0.155698344E+12   0.146081237E+06
     94   0.998665291E+00   0.132298594E+08   0.156200559E+12   0.148065907E+06
     95   0.998641765E+00   0.137221240E+08   0.156454609E+12   0.149077628E+06
     96   0.998618828E+00   0.142264925E+08   0.156702704E+12   0.150070687E+06
     97   0.998595361E+00   0.147429682E+08   0.156956930E+12   0.151093482E+06
     98   0.998572467E+00   0.155430423E+08   0.157205344E+12   0.152098000E+06
     99   0.998526161E+00   0.166533861E+08   0.157709009E+12   0.154150224E+06
    100   0.998479855E+00   0.175200929E+08   0.158214280E+12   0.156230032E+06
    101   0.998456409E+00   0.181164901E+08   0.158470722E+12   0.157293716E+06
    102   0.998433501E+00   0.190403218E+08   0.158721697E+12   0.158340030E+06
    103   0.998387064E+00   0.203223335E+08   0.159231648E+12   0.160482282E+06
    104   0.998340504E+00   0.216672060E+08   0.159744608E+12   0.162659282E+06
    105   0.998293785E+00   0.227168906E+08   0.160260972E+12   0.164873285E+06
    106   0.998270076E+00   0.234391494E+08   0.160523660E+12   0.166008341E+06
    107   0.998246874E+00   0.245578658E+08   0.160781142E+12   0.167126649E+06
    108   0.998199746E+00   0.261101904E+08   0.161305409E+12   0.169421323E+06
    109   0.998152371E+00   0.277384660E+08   0.161834153E+12   0.171759725E+06
    110   0.998104722E+00   0.290092440E+08   0.162367709E+12   0.174144145E+06
    111   0.998080500E+00   0.298835732E+08   0.162639607E+12   0.175368847E+06
    112   0.998056770E+00   0.312377410E+08   0.162906425E+12   0.176577012E+06
    113   0.998008498E+00   0.331166216E+08   0.163450547E+12   0.179060383E+06
    114   0.997959879E+00   0.350872341E+08   0.164000411E+12   0.181596783E+06
    115   0.997910892E+00   0.366250605E+08   0.164556312E+12   0.184188645E+06
    116   0.997885960E+00   0.376830561E+08   0.164839967E+12   0.185521933E+06
    117   0.997861513E+00   0.393215744E+08   0.165118576E+12   0.186838619E+06
    118   0.997811725E+00   0.415947972E+08   0.165687435E+12   0.189549002E+06
    119   0.997761505E+00   0.439787650E+08   0.166263216E+12   0.192322637E+06
    120   0.997710832E+00   0.464788098E+08   0.166846214E+12   0.195162291E+06
    121   0.997659687E+00   0.491005179E+08   0.167436717E+12   0.198070805E+06
    122   0.997608052E+00   0.518497413E+08   0.168035007E+12   0.201051087E+06
    123   0.997555907E+00   0.547326108E+08   0.168641365E+12   0.204106135E+06
    124   0.997503235E+00   0.577555495E+08   0.169256072E+12   0.207239058E+06
    125   0.997450019E+00   0.609252863E+08   0.169879412E+12   0.210453092E+06
    126   0.997396240E+00   0.642488705E+08   0.170511676E+12   0.213751611E+06
    127   0.997341880E+00   0.677336874E+08   0.171153157E+12   0.217138143E+06
    128   0.997286921E+00   0.713874733E+08   0.171804162E+12   0.220616392E+06
    129   0.997231345E+00   0.752183324E+08   0.172465002E+12   0.224190249E+06
    130   0.997175131E+00   0.792347540E+08   0.173136000E+12   0.227863783E+06
    131   0.997118263E+00   0.834456300E+08   0.173817478E+12   0.231641238E+06
    132   0.997060720E+00   0.878602744E+08   0.174509763E+12   0.235527025E+06
    133   0.997002485E+00   0.924884428E+08   0.175213179E+12   0.239525722E+06
    134   0.996943541E+00   0.973403537E+08   0.175928050E+12   0.243642063E+06
    135   0.996883872E+00   0.102426710E+09   0.176654691E+12   0.247880926E+06
    136   0.996823461E+00   0.107758721E+09   0.177393413E+12   0.252247353E+06
    137   0.996762294E+00   0.113348128E+09   0.178144531E+12   0.256746597E+06
    138   0.996700355E+00   0.119207228E+09   0.178908370E+12   0.261384178E+06
    139   0.996637628E+00   0.125348900E+09   0.179685269E+12   0.266165922E+06
    140   0.996574096E+00   0.131786633E+09   0.180475580E+12   0.271097974E+06
    141   0.996509741E+00   0.138534550E+09   0.181279669E+12   0.276186810E+06
    142   0.996444545E+00   0.145607446E+09   0.182097915E+12   0.281439252E+06
    143   0.996378490E+00   0.153020808E+09   0.182930709E+12   0.286862492E+06
    144   0.996311558E+00   0.160790859E+09   0.183778454E+12   0.292464100E+06
    145   0.996243728E+00   0.168934583E+09   0.184641566E+12   0.298252043E+06
    146   0.996174983E+00   0.177469764E+09   0.185520469E+12   0.304234690E+06
    147   0.996105302E+00   0.186415022E+09   0.186415598E+12   0.310420843E+06
    148   0.996034667E+00   0.195789854E+09   0.187327398E+12   0.316819776E+06
    149   0.995963057E+00   0.205614671E+09   0.188256334E+12   0.323441284E+06
    150   0.995890452E+00   0.215910845E+09   0.189202882E+12   0.330295692E+06
    151   0.995816832E+00   0.226700747E+09   0.190167526E+12   0.337393861E+06
    152   0.995742176E+00   0.238007801E+09   0.191150761E+12   0.344747199E+06
    153   0.995666465E+00   0.249856527E+09   0.192153088E+12   0.352367707E+06
    154   0.995589678E+00   0.262272594E+09   0.193175023E+12   0.360268037E+06
    155   0.995511796E+00   0.275282873E+09   0.194217094E+12   0.368461542E+06
    156   0.995432797E+00   0.288915494E+09   0.195279845E+12   0.376962318E+06
    157   0.995352660E+00   0.303199902E+09   0.196363837E+12   0.385785270E+06
    158   0.995271366E+00   0.318166922E+09   0.197469648E+12   0.394946169E+06
    159   0.995188891E+00   0.333848817E+09   0.198597877E+12   0.404461728E+06
    160   0.995105213E+00   0.350279360E+09   0.199749147E+12   0.414349674E+06
    161   0.995020309E+00   0.367493901E+09   0.200924105E+12   0.424628832E+06
    162   0.994934156E+00   0.385529434E+09   0.202123424E+12   0.435319222E+06
    163   0.994846727E+00   0.404424679E+09   0.203347809E+12   0.446442147E+06
    164   0.994757998E+00   0.424220151E+09   0.204597993E+12   0.458020280E+06
    165   0.994667942E+00   0.444958245E+09   0.205874738E+12   0.470077754E+06
    166   0.994576531E+00   0.466683323E+09   0.207178835E+12   0.482640246E+06
    167   0.994483738E+00   0.489441791E+09   0.208511101E+12   0.495735064E+06
    168   0.994389534E+00   0.513282203E+09   0.209872379E+12   0.509391248E+06
    169   0.994293893E+00   0.538255350E+09   0.211263536E+12   0.523639685E+06
    170   0.994196783E+00   0.564414365E+09   0.212685469E+12   0.538513263E+06
    171   0.994098178E+00   0.591814831E+09   0.214139105E+12   0.554047010E+06
    172   0.993998047E+00   0.620514891E+09   0.215625397E+12   0.570278238E+06
    173   0.993896361E+00   0.650575369E+09   0.217145325E+12   0.587246675E+06
    174   0.993793091E+00   0.682059891E+09   0.218699896E+12   0.604994629E+06
    175   0.993688208E+00   0.715035015E+09   0.220290143E+12   0.623567201E+06
    176   0.993581683E+00   0.749570364E+09   0.221917138E+12   0.643012546E+06
    177   0.993473483E+00   0.785738765E+09   0.223581991E+12   0.663382205E+06
    178   0.993363579E+00   0.823616392E+09   0.225285864E+12   0.684731417E+06
    179   0.993251938E+00   0.863282917E+09   0.227029970E+12   0.707119454E+06
    180   0.993138525E+00   0.904821671E+09   0.228815575E+12   0.730609926E+06
    181   0.993023305E+00   0.948319805E+09   0.230644000E+12   0.755271130E+06
    182   0.992906244E+00   0.993868466E+09   0.232516619E+12   0.781176449E+06
    183   0.992787304E+00   0.104156298E+10   0.234434870E+12   0.808404806E+06
    184   0.992666446E+00   0.109150303E+10   0.236400252E+12   0.837041144E+06
    185   0.992543632E+00   0.114379287E+10   0.238414328E+12   0.867176939E+06
    186   0.992418822E+00   0.119854153E+10   0.240478730E+12   0.898910752E+06
    187   0.992291973E+00   0.125586302E+10   0.242595160E+12   0.932348891E+06
    188   0.992163043E+00   0.131587652E+10   0.244765394E+12   0.967606093E+06
    189   0.992031990E+00   0.137870669E+10   0.246991283E+12   0.100480623E+07
    190   0.991898768E+00   0.144448385E+10   0.249274752E+12   0.104408309E+07
    191   0.991763332E+00   0.151334422E+10   0.251617801E+12   0.108558123E+07
    192   0.991625637E+00   0.158543025E+10   0.254022513E+12   0.112945702E+07
    193   0.991485636E+00   0.166089080E+10   0.256491060E+12   0.117587981E+07
    194   0.991343282E+00   0.173988153E+10   0.259025709E+12   0.122503315E+07
    195   0.991198524E+00   0.182256511E+10   0.261628828E+12   0.127711626E+07
    196   0.991051313E+00   0.190911157E+10   0.264302892E+12   0.133234546E+07
    197   0.990901598E+00   0.199969864E+10   0.267050491E+12   0.139095603E+07
    198   0.990749324E+00   0.209451207E+10   0.269874336E+12   0.145320395E+07
    199   0.990594438E+00   0.219374599E+10   0.272777264E+12   0.151936811E+07
    200   0.990436884E+00   0.229760331E+10   0.275762249E+12   0.158975260E+07
    201   0.990276602E+00   0.240629604E+10   0.278832406E+12   0.166468940E+07
    202   0.990113535E+00   0.252004578E+10   0.281991007E+12   0.174454135E+07
    203   0.989947621E+00   0.263908408E+10   0.285241484E+12   0.182970531E+07
    204   0.989778797E+00   0.276365291E+10   0.288587431E+12   0.192061573E+07
    205   0.989606999E+00   0.289400513E+10   0.292032615E+12   0.201774859E+07
    206   0.989432161E+00   0.303040491E+10   0.295580987E+12   0.212162600E+07
    207   0.989254216E+00   0.317312830E+10   0.299236691E+12   0.223282140E+07
    208   0.989073094E+00   0.332246374E+10   0.303004086E+12   0.235196531E+07
    209   0.988888725E+00   0.347871258E+10   0.306887759E+12   0.247975215E+07
    210   0.988701034E+00   0.364218969E+10   0.310892543E+12   0.261694765E+07
    211   0.988509944E+00   0.381322404E+10   0.315023538E+12   0.276439729E+07
    212   0.988315376E+00   0.399215933E+10   0.319286121E+12   0.292303574E+07
    213   0.988117249E+00   0.417935467E+10   0.323685961E+12   0.309389722E+07
    214   0.987915478E+00   0.437518521E+10   0.328229023E+12   0.327812736E+07
    215   0.987709978E+00   0.458004289E+10   0.332921597E+12   0.347699681E+07
    216   0.987500662E+00   0.479433712E+10   0.337770308E+12   0.369191663E+07
    217   0.987287438E+00   0.501849557E+10   0.342782145E+12   0.392445592E+07
    218   0.987070214E+00   0.525296493E+10   0.347964477E+12   0.417636169E+07
    219   0.986848895E+00   0.549821174E+10   0.353325073E+12   0.444958142E+07
    220   0.986623386E+00   0.575472321E+10   0.358872126E+12   0.474628888E+07
    221   0.986393588E+00   0.602300814E+10   0.364614282E+12   0.506891377E+07
    222   0.986159400E+00   0.630359781E+10   0.370560668E+12   0.542017591E+07
    223   0.985920719E+00   0.659704698E+10   0.376720935E+12   0.580312444E+07
    224   0.985677439E+00   0.690393489E+10   0.383105290E+12   0.622118306E+07
    225   0.985429452E+00   0.722486634E+10   0.389724541E+12   0.667820219E+07
    226   0.985176647E+00   0.756047279E+10   0.396590148E+12   0.717851930E+07
    227   0.984918907E+00   0.791141353E+10   0.403714267E+12   0.772702870E+07
    228   0.984656116E+00   0.827837691E+10   0.411109808E+12   0.832926240E+07
    229   0.984388150E+00   0.866208154E+10   0.418790493E+12   0.899148398E+07
    230   0.984114884E+00   0.906327765E+10   0.426770912E+12   0.972079759E+07
    231   0.983836186E+00   0.948274843E+10   0.435066594E+12   0.105252751E+08
    232   0.983551923E+00   0.992131140E+10   0.443694071E+12   0.114141044E+08
    233   0.983261956E+00   0.103798199E+11   0.452670955E+12   0.123977621E+08
    234   0.982966143E+00   0.108591648E+11   0.462016000E+12   0.134882146E+08
    235   0.982664339E+00   0.113602757E+11   0.471749176E+12   0.146991540E+08
    236   0.982356394E+00   0.118841229E+11   0.481891748E+12   0.160462745E+08
    237   0.982042158E+00   0.124317191E+11   0.492466369E+12   0.175475977E+08
    238   0.981721476E+00   0.130041212E+11   0.503497177E+12   0.192238578E+08
    239   0.981394191E+00   0.136024321E+11   0.515009926E+12   0.210989573E+08
    240   0.981060141E+00   0.142278028E+11   0.527032113E+12   0.232005080E+08
    241   0.980719163E+00   0.148814345E+11   0.539593135E+12   0.255604741E+08
    242   0.980371088E+00   0.155645806E+11   0.552724463E+12   0.282159415E+08
    243   0.980015740E+00   0.162785490E+11   0.566459836E+12   0.312100358E+08
    244   0.979652940E+00   0.170247046E+11   0.580835458E+12   0.345930204E+08
    245   0.979282502E+00   0.178044717E+11   0.595890217E+12   0.384236134E+08
    246   0.978904235E+00   0.186193363E+11   0.611665908E+12   0.427705690E+08
    247   0.978517941E+00   0.194708491E+11   0.628207460E+12   0.477145749E+08
    248   0.978123419E+00   0.203606279E+11   0.645563192E+12   0.533505459E+08
    249   0.977720461E+00   0.212903605E+11   0.663785084E+12   0.597903968E+08
    250   0.977308857E+00   0.222618080E+11   0.682929091E+12   0.671664047E+08
    251   0.976888391E+00   0.232768072E+11   0.703055451E+12   0.756352898E+08
    252   0.976458846E+00   0.243372745E+11   0.724229058E+12   0.853831928E+08
    253   0.976019998E+00   0.254452083E+11   0.746519883E+12   0.966317645E+08
    254   0.975571622E+00   0.266026934E+11   0.770003434E+12   0.109645629E+09
    255   0.975113487E+00   0.278119037E+11   0.794761300E+12   0.124741568E+09
    256   0.974645356E+00   0.290751064E+11   0.820881796E+12   0.142299891E+09
    257   0.974166987E+00   0.303946659E+11   0.848460653E+12   0.162778476E+09
    258   0.973678128E+00   0.317730476E+11   0.877601759E+12   0.186730203E+09
    259   0.973178520E+00   0.332128224E+11   0.908418001E+12   0.214824644E+09
    260   0.972667895E+00   0.347166715E+11   0.941032157E+12   0.247875122E+09
    261   0.972145979E+00   0.362873903E+11   0.975577865E+12   0.286872543E+09
    262   0.971612489E+00   0.379278938E+11   0.101220071E+13   0.333027885E+09
    263   0.971067135E+00   0.396412213E+11   0.105105946E+13   0.387825701E+09
    264   0.970509617E+00   0.414305414E+11   0.109232738E+13   0.453091706E+09
    265   0.969939630E+00   0.432991576E+11   0.113619379E+13   0.531078352E+09
    266   0.969356864E+00   0.452505136E+11   0.118286560E+13   0.624573551E+09
    267   0.968761000E+00   0.472881992E+11   0.123256926E+13   0.737039301E+09
    268   0.968151713E+00   0.494159559E+11   0.128555280E+13   0.872788997E+09
    269   0.967528676E+00   0.516376840E+11   0.134208817E+13   0.103721494E+10
    270   0.966891551E+00   0.539574488E+11   0.140247394E+13   0.123708154E+10
    271   0.966239994E+00   0.563794874E+11   0.146703847E+13   0.148090449E+10
    272   0.965573653E+00   0.589082165E+11   0.153614325E+13   0.177944214E+10
    273   0.964892169E+00   0.615482397E+11   0.161018679E+13   0.214633488E+10
    274   0.964195170E+00   0.643043555E+11   0.168960897E+13   0.259893998E+10
    275   0.963482281E+00   0.671815657E+11   0.177489595E+13   0.315942511E+10
    276   0.962753113E+00   0.701850833E+11   0.186658572E+13   0.385620585E+10
    277   0.962007270E+00   0.733203420E+11   0.196527446E+13   0.472584224E+10
    278   0.961244348E+00   0.765930051E+11   0.207162378E+13   0.581554937E+10
    279   0.960463929E+00   0.800089746E+11   0.218636890E+13   0.718653215E+10
    280   0.959665589E+00   0.835744008E+11   0.231032800E+13   0.891842810E+10
    281   0.958848893E+00   0.872956927E+11   0.244441263E+13   0.111152452E+11
    282   0.958013398E+00   0.911795277E+11   0.258963983E+13   0.139133268E+11
    283   0.957158652E+00   0.952328628E+11   0.274714608E+13   0.174920686E+11
    284   0.956284193E+00   0.994629453E+11   0.291820319E+13   0.220883814E+11
    285   0.955389550E+00   0.103877325E+12   0.310423661E+13   0.280162654E+11
    286   0.954474243E+00   0.108483865E+12   0.330684640E+13   0.356933750E+11
    287   0.953537783E+00   0.113290756E+12   0.352783146E+13   0.456771642E+11
    288   0.952579671E+00   0.118306528E+12   0.376921751E+13   0.587141849E+11
    289   0.951599398E+00   0.123540065E+12   0.403328942E+13   0.758074651E+11
    290   0.950596446E+00   0.129000618E+12   0.432262873E+13   0.983087619E+11
    291   0.949570288E+00   0.134697822E+12   0.464015697E+13   0.128045037E+12
    292   0.948520388E+00   0.140641708E+12   0.498918598E+13   0.167492013E+12
    293   0.947446199E+00   0.146842723E+12   0.537347659E+13   0.220012480E+12
    294   0.946347167E+00   0.153311743E+12   0.579730704E+13   0.290183423E+12
    295   0.945222730E+00   0.160060093E+12   0.626555300E+13   0.384244736E+12
    296   0.944072316E+00   0.167099560E+12   0.678378129E+13   0.510713697E+12
    297   0.942895341E+00   0.174442420E+12   0.735836078E+13   0.681224501E+12
    298   0.941691212E+00   0.182101449E+12   0.799659248E+13   0.911670815E+12
    299   0.940459321E+00   0.190089949E+12   0.870686254E+13   0.122375274E+13
    300   0.939199051E+00   0.198421768E+12   0.949882291E+13   0.164705745E+13
    301   0.937909772E+00   0.207111319E+12   0.103836052E+14   0.222183333E+13
    302   0.936590843E+00   0.216173602E+12   0.113740739E+14   0.300264849E+13
    303   0.935241611E+00   0.225624223E+12   0.124851278E+14   0.406314877E+13
    304   0.933861414E+00   0.235479417E+12   0.137340588E+14   0.550213888E+13
    305   0.932449578E+00   0.245756069E+12   0.151409798E+14   0.745118564E+13
    306   0.931005419E+00   0.256471739E+12   0.167293377E+14   0.100838640E+14
    307   0.929528242E+00   0.267644693E+12   0.185265286E+14   0.136266045E+14
    308   0.928017344E+00   0.279293922E+12   0.205646348E+14   0.183708245E+14
    309   0.926472013E+00   0.291439178E+12   0.228813126E+14   0.246856290E+14
    310   0.924891530E+00   0.304100996E+12   0.255208668E+14   0.330298478E+14
    311   0.923275169E+00   0.317300728E+12   0.285355498E+14   0.439615782E+14
    312   0.921622197E+00   0.331060568E+12   0.319871397E+14   0.581428653E+14
    313   0.919931874E+00   0.345403595E+12   0.359488576E+14   0.763368354E+14
    314   0.918203456E+00   0.360353805E+12   0.405077043E+14   0.993947405E+14
    315   0.916436194E+00   0.375936155E+12   0.457673212E+14   0.128231228E+15
    316   0.914629333E+00   0.392176594E+12   0.518515006E+14   0.163787635E+15
    317   0.912782113E+00   0.409102096E+12   0.589084968E+14   0.206985165E+15
    318   0.910893769E+00   0.426740682E+12   0.671163380E+14   0.258671999E+15
    319   0.908963535E+00   0.445121448E+12   0.766893871E+14   0.319570122E+15
    320   0.906990644E+00   0.464274601E+12   0.878864657E+14   0.390228323E+15
    321   0.904974330E+00   0.484231493E+12   0.101020944E+15   0.470987229E+15
    322   0.902913830E+00   0.505024666E+12   0.116473308E+15   0.561960364E+15
    323   0.900808389E+00   0.526687896E+12   0.134706845E+15   0.663032681E+15
    324   0.898657254E+00   0.549256239E+12   0.156287301E+15   0.773875388E+15
    325   0.896459683E+00   0.572766078E+12   0.181907589E+15   0.893973929E+15
    326   0.894214936E+00   0.597255175E+12   0.212418935E+15   0.102266461E+16
    327   0.891922278E+00   0.622762723E+12   0.248870255E+15   0.115917516E+16
    328   0.889580973E+00   0.649329410E+12   0.292558095E+15   0.130266517E+16
    329   0.887190291E+00   0.676997472E+12   0.345090173E+15   0.145226322E+16
    330   0.884749497E+00   0.705810759E+12   0.408466473E+15   0.160709868E+16
    331   0.882257857E+00   0.735814788E+12   0.485183028E+15   0.176632720E+16
    332   0.879714640E+00   0.767056809E+12   0.578365147E+15   0.192914971E+16
    333   0.877119117E+00   0.799585863E+12   0.691938990E+15   0.209482546E+16
    334   0.874470567E+00   0.833452842E+12   0.830853241E+15   0.226268004E+16
    335   0.871768274E+00   0.868710549E+12   0.100136662E+16   0.243210931E+16
    336   0.869011525E+00   0.905413758E+12   0.121142233E+16   0.260258041E+16
    337   0.866199609E+00   0.943619273E+12   0.147113678E+16   0.277363017E+16
    338   0.863331816E+00   0.983385988E+12   0.179343997E+16   0.294486168E+16
    339   0.860407438E+00   0.102477495E+13   0.219491742E+16   0.311593988E+16
    340   0.857425767E+00   0.106784945E+13   0.269692151E+16   0.328658664E+16
    341   0.854386092E+00   0.111267507E+13   0.332704411E+16   0.345657564E+16
    342   0.851287695E+00   0.115931980E+13   0.412107463E+16   0.362572718E+16
    343   0.848129849E+00   0.120785413E+13   0.512561337E+16   0.379390311E+16
    344   0.844911820E+00   0.125835111E+13   0.640157333E+16   0.396100206E+16
    345   0.841632859E+00   0.131088649E+13   0.802889081E+16   0.412695492E+16
    346   0.838292208E+00   0.136553885E+13   0.101128853E+17   0.429172069E+16
    347   0.834889096E+00   0.142238969E+13   0.127928832E+17   0.445528282E+16
    348   0.831422738E+00   0.148152360E+13   0.162539597E+17   0.461764591E+16
    349   0.827892332E+00   0.154302837E+13   0.207429902E+17   0.477883282E+16
    350   0.824297058E+00   0.160699517E+13   0.265906879E+17   0.493888215E+16
    351   0.820636078E+00   0.167351864E+13   0.342419883E+17   0.509784595E+16
    352   0.816908532E+00   0.174269709E+13   0.442981263E+17   0.525578779E+16
    353   0.813113539E+00   0.181463258E+13   0.575751595E+17   0.541278102E+16
    354   0.809250196E+00   0.188943107E+13   0.751857316E+17   0.556890732E+16
    355   0.805317587E+00   0.196720253E+13   0.986537747E+17   0.572425508E+16
    356   0.801314796E+00   0.204806111E+13   0.130076083E+18   0.587891778E+16
    357   0.797240911E+00   0.213212526E+13   0.172351071E+18   0.603299302E+16
    358   0.793095029E+00   0.221951791E+13   0.229504098E+18   0.618658176E+16
    359   0.788876252E+00   0.231036661E+13   0.307152281E+18   0.633978774E+16
    360   0.784583673E+00   0.240480373E+13   0.413172232E+18   0.649271764E+16
    361   0.780216357E+00   0.250296669E+13   0.558663900E+18   0.664548119E+16
    362   0.775773341E+00   0.260499819E+13   0.759348435E+18   0.679819087E+16
    363   0.771253626E+00   0.271104652E+13   0.103760615E+19   0.695096174E+16
    364   0.766656167E+00   0.282126591E+13   0.142546414E+19   0.710391163E+16
    365   0.761979842E+00   0.293581693E+13   0.196900155E+19   0.725716185E+16
    366   0.757223437E+00   0.305486686E+13   0.273487953E+19   0.741083737E+16
    367   0.752385642E+00   0.317859010E+13   0.382007662E+19   0.756506689E+16
    368   0.747465037E+00   0.330716840E+13   0.536648860E+19   0.771998298E+16
    369   0.742460084E+00   0.344079126E+13   0.758296040E+19   0.787572242E+16
    370   0.737369113E+00   0.357965617E+13   0.107787383E+20   0.803242647E+16
    371   0.732190312E+00   0.372396902E+13   0.154145897E+20   0.819024118E+16
    372   0.726921717E+00   0.387394454E+13   0.221814442E+20   0.834931773E+16
    373   0.721561201E+00   0.402980689E+13   0.321222001E+20   0.850981293E+16
    374   0.716106455E+00   0.419179057E+13   0.468217537E+20   0.867188991E+16
    375   0.710554951E+00   0.436014180E+13   0.687057033E+20   0.883571928E+16
    376   0.704903914E+00   0.449091269E+13   0.101513521E+21   0.900148029E+16
    377   0.702025020E+00   0.458011154E+13   0.123848493E+21   0.908558466E+16
    378   0.699150385E+00   0.467105221E+13   0.151053149E+21   0.916935928E+16
    379   0.696218884E+00   0.476377459E+13   0.184958718E+21   0.925459840E+16
    380   0.693291037E+00   0.485831347E+13   0.226417617E+21   0.933955522E+16
    381   0.690305149E+00   0.495471118E+13   0.278283110E+21   0.942603321E+16
    382   0.687322266E+00   0.505300558E+13   0.341958455E+21   0.951227768E+16
    383   0.684280021E+00   0.515324165E+13   0.421930268E+21   0.960010553E+16
    384   0.681240085E+00   0.525546082E+13   0.520521624E+21   0.968775019E+16
    385   0.678139299E+00   0.535971103E+13   0.644855398E+21   0.977704676E+16
    386   0.675040074E+00   0.546603785E+13   0.798801903E+21   0.986621229E+16
    387   0.671878322E+00   0.557449248E+13   0.993783213E+21   0.995710541E+16
    388   0.668717326E+00   0.568512502E+13   0.123629337E+22   0.100479218E+17
    389   0.665491921E+00   0.579799032E+13   0.154484070E+22   0.101405492E+17
    390   0.662266403E+00   0.591314310E+13   0.193040850E+22   0.102331567E+17
    391   0.658974395E+00   0.603064227E+13   0.242331279E+22   0.103276665E+17
    392   0.655681333E+00   0.615054699E+13   0.304229514E+22   0.104222165E+17
    393   0.652319515E+00   0.627292063E+13   0.383756607E+22   0.105187676E+17
    394   0.648955617E+00   0.639782633E+13   0.484142048E+22   0.106154224E+17
    395   0.645520551E+00   0.652533244E+13   0.613797059E+22   0.107141844E+17
    396   0.642082281E+00   0.665550538E+13   0.778346324E+22   0.108131181E+17
    397   0.638570321E+00   0.678841895E+13   0.992045698E+22   0.109142712E+17
    398   0.635053929E+00   0.692414233E+13   0.126480465E+23   0.110156687E+17
    399   0.631461242E+00   0.706275526E+13   0.162107854E+23   0.111194039E+17
    400   0.627862764E+00   0.720432943E+13   0.207854003E+23   0.112234623E+17
    401   0.624185317E+00   0.734895107E+13   0.267967313E+23   0.113299827E+17
    402   0.620500573E+00   0.749669418E+13   0.345640103E+23   0.114369119E+17
    403   0.616734120E+00   0.764765213E+13   0.448350573E+23   0.115464338E+17
    404   0.612958702E+00   0.780190111E+13   0.581942751E+23   0.116564580E+17
    405   0.609098771E+00   0.795954229E+13   0.759763071E+23   0.117692124E+17
    406   0.605228019E+00   0.812065411E+13   0.992660508E+23   0.118825717E+17
    407   0.601269875E+00   0.828534627E+13   0.130480340E+24   0.119988069E+17
    408   0.597298826E+00   0.845369955E+13   0.171662936E+24   0.121157602E+17
    409   0.593237411E+00   0.862583311E+13   0.227257908E+24   0.122357442E+17
    410   0.589160748E+00   0.880183028E+13   0.301174965E+24   0.123565719E+17
    411   0.584990628E+00   0.898182066E+13   0.401719089E+24   0.124805958E+17
    412   0.580802620E+00   0.916589046E+13   0.536491339E+24   0.126056037E+17
    413   0.576517932E+00   0.935418089E+13   0.721279143E+24   0.127339851E+17
    414   0.572212390E+00   0.954678139E+13   0.971112684E+24   0.128635071E+17
    415   0.567806809E+00   0.974384610E+13   0.131654910E+25   0.129965930E+17
    416   0.563377044E+00   0.994546812E+13   0.178784553E+25   0.131309946E+17
    417   0.558843719E+00   0.101518161E+14   0.244528650E+25   0.132691658E+17
    418   0.554282455E+00   0.103629872E+14   0.335094780E+25   0.134088496E+17
    419   0.549613921E+00   0.105791665E+14   0.462619229E+25   0.135525260E+17
    420   0.544913208E+00   0.108004551E+14   0.640095953E+25   0.136979372E+17
    421   0.540101335E+00   0.110270567E+14   0.892485726E+25   0.138475828E+17
    422   0.535252487E+00   0.112590763E+14   0.124757516E+26   0.139992148E+17
    423   0.530288422E+00   0.114967382E+14   0.175787770E+26   0.141553430E+17
    424   0.525281935E+00   0.117401510E+14   0.248418120E+26   0.143137442E+17
    425   0.520156017E+00   0.119895628E+14   0.353965389E+26   0.144769254E+17
    426   0.514981464E+00   0.122377239E+14   0.506054622E+26   0.146427073E+17
    427   0.509987816E+00   0.124843903E+14   0.714507603E+26   0.148037195E+17
    428   0.504944789E+00   0.127291635E+14   0.101227296E+27   0.149673694E+17
    429   0.500100694E+00   0.129717669E+14   0.141455718E+27   0.151255740E+17
    430   0.495207185E+00   0.132124480E+14   0.198347056E+27   0.152864178E+17
    431   0.490504951E+00   0.134509412E+14   0.274468678E+27   0.154419640E+17
    432   0.485753447E+00   0.136874902E+14   0.381099087E+27   0.156001430E+17
    433   0.481186150E+00   0.139218394E+14   0.522464530E+27   0.157531567E+17
    434   0.476569863E+00   0.141542289E+14   0.718696311E+27   0.159087909E+17
    435   0.472131223E+00   0.143844128E+14   0.976572832E+27   0.160593793E+17
    436   0.467643983E+00   0.146126271E+14   0.133144067E+28   0.162125712E+17
    437   0.463328277E+00   0.148386350E+14   0.179387845E+28   0.163608260E+17
    438   0.458964459E+00   0.150626688E+14   0.242497659E+28   0.165116630E+17
    439   0.454766459E+00   0.152844999E+14   0.324076508E+28   0.166576626E+17
    440   0.450520915E+00   0.155043570E+14   0.434524091E+28   0.168062195E+17
    441   0.446435826E+00   0.157220193E+14   0.576191109E+28   0.169500310E+17
    442   0.442303818E+00   0.159377117E+14   0.766525826E+28   0.170963723E+17
    443   0.438327203E+00   0.161512210E+14   0.100884683E+29   0.172380542E+17
    444   0.434304338E+00   0.164659094E+14   0.133202133E+29   0.173822363E+17
    445   0.426514006E+00   0.168807668E+14   0.228150348E+29   0.176639215E+17
    446   0.418925489E+00   0.172874508E+14   0.385368893E+29   0.179415051E+17
    447   0.411531676E+00   0.176860356E+14   0.642230646E+29   0.182150637E+17
    448   0.404325928E+00   0.180766043E+14   0.105648532E+30   0.184846643E+17
    449   0.397302019E+00   0.184592483E+14   0.171625082E+30   0.187503661E+17
    450   0.390454100E+00   0.188340660E+14   0.275434482E+30   0.190122213E+17
    451   0.383776675E+00   0.192011618E+14   0.436858785E+30   0.192702757E+17
    452   0.377264565E+00   0.195606453E+14   0.685021741E+30   0.195245701E+17
    453   0.370912892E+00   0.199126305E+14   0.106231805E+31   0.197751401E+17
    454   0.364717049E+00   0.202572350E+14   0.162978330E+31   0.200220170E+17
    455   0.358672681E+00   0.205945792E+14   0.247434867E+31   0.202652285E+17
    456   0.352775665E+00   0.209247855E+14   0.371853062E+31   0.205047990E+17
    457   0.347022092E+00   0.212479781E+14   0.553322790E+31   0.207407500E+17
    458   0.341408249E+00   0.215642823E+14   0.815443430E+31   0.209731004E+17
    459   0.335930610E+00   0.218738240E+14   0.119048253E+32   0.212018671E+17
    460   0.330585817E+00   0.221767291E+14   0.172213344E+32   0.214270648E+17
    461   0.325370676E+00   0.224731233E+14   0.246899972E+32   0.216487066E+17
    462   0.320282138E+00   0.228977354E+14   0.350894991E+32   0.218668043E+17
    463   0.310472661E+00   0.233247829E+14   0.690973664E+32   0.222924384E+17
    464   0.305747003E+00   0.237224363E+14   0.957703857E+32   0.224999612E+17
    465   0.296639784E+00   0.242428994E+14   0.179658512E+33   0.229045147E+17
    466   0.287976452E+00   0.247408950E+14   0.326849454E+33   0.232950849E+17
    467   0.279739300E+00   0.252173006E+14   0.577380793E+33   0.236717225E+17
    468   0.271911870E+00   0.256729488E+14   0.991482855E+33   0.240344785E+17
    469   0.264478778E+00   0.261086244E+14   0.165683008E+34   0.243834080E+17
    470   0.257425548E+00   0.265250634E+14   0.269696240E+34   0.247185746E+17
    471   0.250738473E+00   0.270943380E+14   0.428042725E+34   0.250400535E+17
    472   0.238409097E+00   0.278232197E+14   0.100315582E+35   0.256424241E+17
    473   0.227394542E+00   0.287091289E+14   0.214686662E+35   0.261913432E+17
    474   0.209733913E+00   0.297848609E+14   0.727149867E+35   0.270933044E+17
    475   0.195264114E+00   0.305324348E+14   0.197568592E+36   0.278529210E+17
    476   0.188863546E+00   0.310803680E+14   0.307421993E+36   0.281950037E+17
    477   0.179562213E+00   0.316805358E+14   0.584487107E+36   0.286988916E+17
    478   0.172766437E+00   0.321291966E+14   0.934648261E+36   0.290721903E+17
    479   0.167896869E+00   0.324564163E+14   0.130838403E+37   0.293423890E+17
    480   0.164462917E+00   0.326901991E+14   0.165864644E+37   0.295343022E+17
    481   0.162071424E+00   0.328545455E+14   0.195658449E+37   0.296686308E+17
    482   0.160421500E+00   0.329686846E+14   0.219278629E+37   0.297616307E+17
    483   0.159290918E+00   0.330472583E+14   0.237090296E+37   0.298255109E+17
    484   0.158519935E+00   0.331010112E+14   0.250059444E+37   0.298691449E+17
    485   0.157995944E+00   0.331376235E+14   0.259276404E+37   0.298988335E+17
    486   0.157640646E+00   0.331624857E+14   0.265718587E+37   0.299189796E+17
    487   0.157400116E+00   0.331793339E+14   0.270170442E+37   0.299326251E+17
    488   0.157237459E+00   0.331907352E+14   0.273223186E+37   0.299418561E+17
    489   0.157127544E+00   0.331984432E+14   0.275305573E+37   0.299480954E+17
    490   0.157053306E+00   0.332036508E+14   0.276721006E+37   0.299523101E+17
    491   0.157003183E+00   0.332071677E+14   0.277680792E+37   0.299551561E+17
    492   0.156969348E+00   0.332095420E+14   0.278330553E+37   0.299570773E+17
    493   0.156946512E+00   0.332111446E+14   0.278769949E+37   0.299583741E+17
    494   0.156931101E+00   0.332122262E+14   0.279066869E+37   0.299592493E+17
    495   0.156920702E+00   0.332129561E+14   0.279267410E+37   0.299598398E+17
    496   0.156913685E+00   0.332135221E+14   0.279402810E+37   0.299602383E+17
    497   0.156907196E+00   0.332139783E+14   0.279528075E+37   0.299606068E+17
    498   0.156902801E+00   0.332142464E+14   0.279612948E+37   0.299608564E+17
    499   0.156900801E+00   0.332143684E+14   0.279651595E+37   0.299609701E+17
    500   0.156899890E+00   0.332144224E+14   0.279669190E+37   0.299610218E+17
    501   0.156899511E+00   0.332144543E+14   0.279676508E+37   0.299610433E+17
